-25.81, 5.41, -31.86, -77.92
54.68, -45.16, 31.39, 2.85, 31.13, 23.1, -88.98, 42.71
44.43, -30.28, -44.91, 21.04, -7.23, -44.6
-27.18, 50.79, 31.01, 47.53, -55.23, -93.66
70.46, 16.55, 83.81, -17.52, 55.89
-71.65, -33.9, 87.31, 60.4
-79.71, 85.41, 25.55, 52.12, -77.36
63.09, -50.24, -9.68, 8.66
2.63, -87.06, -74.82, -15.72, 16.28, 58.62, -46.19, 64.8, 48.2
32.75, 87.54, -32.95, -58.88, -8.75
-15.09, 64.64, 67.01, 19.78, -24.92, 62.74
-0.75, -95.28, -26.48, 21.6, -35.69, 94.56, 51.45
-43.75, 77.34, 9.1, -83.59, 46.05, -80.51, -94.55, -16.76, -79.61
-3.04, -60.16, 41.02
67.87, 92.08, -26.41, -15.59, 61.94, -12.98, -23.45, -21.1, 33.26, 73.2
63.14, -40.8, -33.97, -21.98, 89.49, -22.79, -77.84
-28.16, -8.87, -87.15
-63.61, -80.65, 29.16, 32.98, -73.44, 29.71, -8.8, 99.3, 16.56, 34.9
85.86, -42.5, 10.98, 37.69, 59.77, -77.5, -63.83, -75.34, 31.74, 99.43
11.51, -67.86, -52.36, 13.39, -67.6, 54.59, 57.21, -73.81
-78.48, 92.42, -20.19, -45.52
-74.01, -8.9, 8.62, 11.41, 31.37, 86.43, 44.2, 15.26
82.6
28.14
-23.55, -82.51, 41.23
-88.29, 82.31
5.89
81.89, -1.53, -2.98, -14.42, 89.98, -76.58, 76.77, -17.51, -31.86
-85.12
-63.23, -3.2, 83.01, -69.15, -54.72, -2.03
-50.16, -17.04, -31.31, 98.12, -15.87, 84.49
-10.67, -94.88, -69.03, -12.62, 6.15, 4.18, 6.0
-81.13, -99.07, -62.36, -7.93, 50.2, 86.3, -91.88, -68.87, -90.42
-11.76, -63.36, -68.0, 28.14, 28.28, -89.37, 28.24, -89.98, -70.99, -24.52
-8.93, -66.18, 41.3, -11.98, -54.57, 8.42, -47.59, -21.88, 77.25, 71.32
-15.25, -18.67, 73.11, -11.38, -7.51, -31.42, 23.65, 47.21, 37.13
1.44, -56.67, 57.1, -8.73, 1.76, 41.18, 10.01, 45.99
16.62, 79.54, 80.33, -98.87, 98.91, -42.7, -65.62, -98.69
-32.41, 72.01, 84.96, -93.18, -73.32, -51.15, -3.8, -86.82, -39.76, -4.18
-73.38, -75.93, 29.13, -76.08, 74.91
23.48, -50.62, 87.79, -80.29, 22.84, 95.52, -83.75, 70.14, 31.84, -12.55
46.13, 51.26, -35.87, -18.58, -15.74, -33.0
0.93, -18.0, -55.33
-54.56, 7.36, -46.09, 40.93, 88.67, 22.57, 65.77, -48.42, -17.05
-28.18, -79.29, -10.18, -83.8
69.11
-72.12
50.18, 43.99, -48.04, 64.37, -40.83
4.42, 39.97, 85.86, 50.38, -51.44, 60.65
14.22, 32.81, 77.73, -37.14, -84.99, 40.09, -45.24
-82.18
86.04, -51.08, -33.62, 27.47
-45.69, 49.52, 17.48, -91.38, -7.18
-49.54, 8.72, 61.29, 55.19, -64.81
-54.24, 12.66
-49.27, -25.32, -5.81
80.71, 38.78
-43.13, -72.56, -13.7, 6.7, 38.51, -28.02, 20.89, -99.05, 56.01, -50.17
3.7, 77.34, 14.88, 81.65, -69.59
-80.67, 62.02, 23.67, 68.32, 82.29, 6.69, 75.26
-81.37, 12.25
84.06, -42.25, 17.51
-52.85, 86.79, 61.02, -67.03, -33.17, 57.45
42.3
-44.96, -36.08, -0.05, -43.44, -73.53, 19.88, -86.44
88.31
-79.82, 62.15
-1.05, -99.09, -20.5, 62.92, 19.13, 9.84, 89.44, -54.13
-12.84, 4.28, 89.93, -83.08, 48.82, -35.99, -66.07
-40.43, -10.76, 63.32, 8.29, 7.38
79.31, 9.06
-59.58, -40.03, 75.75, 46.84, -45.21, 49.33, -39.84, -65.0, 96.45
-46.72, 6.94, 48.16, 60.65, -21.32
41.64
69.88, 66.68, -63.66, -45.74, -38.08, -86.98
83.39, -78.59, 28.48, -35.08, -23.1, -54.85, -58.27
-40.78, -17.54
18.2, 62.29, 91.84, -28.78, 32.34, 50.18
-72.38, -68.35, 54.67, 28.06, 57.71, 77.42, -42.98, 14.42
-91.7, 63.58, 47.74, 83.46, -63.94, 42.04, -68.12, 37.75
5.81, 55.25, -49.61, -24.85, -60.12
48.27, 31.22, -6.47, 93.33, 30.07, -6.77, -62.18, 18.56, -58.31, 53.45
-73.37, 38.38
85.05, -85.96, -42.13
-45.56, 46.29, -56.62, 29.29, 10.47, 10.6, 95.24, 3.71, 65.14
-86.27
97.94, 79.65, -12.64
74.02, 5.35, -90.08, -68.07, -56.27, -3.3, -32.64, 15.56, -99.48
54.53, -51.54
21.56, -99.47, -26.61, 90.35
-93.38, -39.36, 96.23
-22.6, 34.21, -16.9, -41.35, -61.87, -71.59, 16.92, 70.37, 66.36
28.88, 35.26, -17.09, -47.61, -44.91, 38.5, 38.73, -91.65, 7.29
-7.3, 26.81, -52.37, -73.43, 84.88
-31.7, 66.89, -48.74, 79.12, -47.3, 23.13, 83.09, 82.78
-48.01, 16.45, 28.05, 9.84
-74.59, -65.4, -54.95, -19.9, 46.31
-78.29, 21.95, 5.96, -13.44
71.91, 99.13, 71.63, -98.4
-63.43, 73.56, 87.07, 1.74, -72.27, 78.53, 12.83
-43.11, -31.2, 16.84, -57.16, -0.64
-26.66, 61.75, -85.9, 95.21, -38.94
26.55, 13.18, -50.02, 70.56, 32.65, 1.57, 63.91, 56.35
94.26, -99.35, 30.87, 2.77, -40.02, -51.01, 11.88, -48.56, -43.69
67.1, 79.93
-99.98, 6.7
4.46, -98.52, -58.92, 19.2, 51.94, -53.39, 30.73
-95.31, 33.93
74.48, 46.53, -18.29, -73.85
-73.97, -76.77, -98.7, -55.36, 55.17, 27.54, 34.16, 21.0
92.08, 75.25, 6.43, -82.35, -99.94, 37.37, -72.26
94.14, -3.34, -26.89
64.58, 18.05, 52.14, -84.69, 40.36, -41.26, -93.74, -6.13, 25.55
10.36
70.25, -1.88, 41.86, 98.25, 87.7, 51.86, 27.68, 77.92
-88.36, -51.52, 43.9
86.13, 78.19, 19.67, 36.67, 38.73, 30.26, -14.71, -63.87, -25.07
-33.23, -81.16, 43.81, -18.66, 20.12, -87.95, -14.05, -45.55, -37.89
83.35, -98.15, -61.77, -78.61
14.72, -15.95, -11.91, 23.13, 83.04, 83.47, 78.34, -93.21
34.84, -68.41, -38.12, -31.7, -60.42, -57.28
58.79, 96.71, -84.42, -25.56, -11.47, 98.46, 28.05, 55.32
-74.63, 12.73
87.54, -64.02, -99.57, -43.07, -66.56, 66.8
-65.88, 9.78, -74.54, -97.65, 81.49, 65.45
-67.37, -81.15, 37.18, 46.34, 70.25, 70.38, -28.82, -29.88, 11.93, -3.01
-55.69, 68.86, -13.49, 49.24, 42.49, 3.59, -57.98, -7.2, 5.3, -91.08
-84.23, -73.56
20.32, 60.5, 33.68, 91.28
-18.62, 72.78, 76.6, -54.84, 49.77, -70.07, 94.53, 81.29
-97.71, 45.06
-70.85, -99.13, -57.14, 5.35, 70.24, -87.82
35.6, -69.18
-41.46, -95.02
-22.33, -20.31, 55.12, -48.11, -63.96, 40.65
-12.65, 97.36, 90.65
11.73, 55.01
-38.92
-99.62, 11.12, 40.16, 53.54, 9.38
-7.93, 53.98, 55.54, 73.11, -30.85, 2.0, -84.63, -81.89, -94.01, 50.52
42.87, 31.12
-28.2, 90.28, -22.39
-76.3, 99.41, 25.0, -54.18, 1.52, -1.62, 56.94, -43.33, -3.86, -60.94
93.84, -9.69, -40.99, 4.16
-74.45, -61.52, 18.62, -41.23, -41.6, -2.94, -65.63
-24.33, -40.61, 4.65, 78.46, 8.06, -19.46, -2.57, 19.06
-18.77, 41.82
-26.37, -66.0, -95.19, 63.79, 44.06, 89.26, 48.65, 38.28, 7.84, 78.07
5.28, 77.33, -81.03, 26.86, 37.26, 12.46, 58.02, 21.93, 45.73
-20.03, -89.28, -90.58, -1.62
-28.72, 96.97, 70.31, 90.38, -9.6, -38.6, 64.47, -65.75, -59.78
-50.05
-89.37, -39.56, -64.88, -7.33, -46.62, -20.92, 22.54, 45.17, 24.7
-69.48, 0.57, -24.06, 35.75, -51.45, 86.46
39.65, 43.85, 51.53, 31.72, 28.23, 73.51, 33.23, 55.39
77.72, -61.0, 8.53, 2.63, 5.01, 88.23, 10.22, -7.33, 57.11, -17.78
-79.98, 19.38
11.78, 95.38, -44.62, 25.45, -79.58, 5.21, -52.24, 45.82, -66.74, -51.74
-33.39, -76.7, 73.07, 84.9, 21.48, -26.02, 68.82
-2.81, 5.7, 81.91, -78.37, -53.1, 78.64
33.37
79.98
41.66, -49.82, -84.79, 90.69, 28.86, -58.83, 29.07, 13.64, 18.49, 46.2
-80.13, 62.73, 60.15, 36.63, 60.32, -51.27
-65.89, -68.68, -62.19
-57.7, -9.63, 11.66, 55.69, 7.57, 88.76
-24.97, -60.7, -96.24, 87.71
10.87, -79.65, -97.66, -85.93, 15.73, -38.92
-65.76, 63.19, 60.93
-19.57, -44.76, 2.43, -14.74, -85.96, -2.0, 81.43, -34.51, 15.55
-73.31, -38.6, -87.21, 1.06, -0.35, -35.42, 36.37, -64.29, 49.08
43.83, 14.56, -67.69, 42.54, -70.04, 64.21, 85.06, 1.63
-90.11, 44.57, 31.25, 93.15, -47.25, -76.6, -9.12, -25.16, 41.53
11.42, 79.8, 55.74, 36.84
-35.32, 78.0, 89.5, -80.68
65.92, 10.49
87.2, 59.41, 49.6, -71.04, -51.5, 25.86, 91.2
53.0, -44.39, -27.54, -17.31, -64.87, -10.09, -0.17, 57.37
-78.32, 32.13, 14.81, 74.42, -38.64, 69.51, 62.02
-68.89, 40.69, 10.07, 37.46, 19.14, 84.04, 71.49, 85.4, 5.63, 76.91
2.01, 9.53, -15.2, -22.84, 32.2, 75.94, -73.8
-57.83, -19.49, -78.8, 56.2, 34.09, -51.31, -88.53
37.05, -98.67
-58.11, 58.79, -7.36, -66.06, -2.09, 34.12, 81.93
41.7, 71.85, -85.21, 13.22, 76.19, -67.6, -87.22
-32.67
-8.4, 93.76, -94.49, 35.45, 7.11, -16.14, -54.29, 68.8, 43.6, -11.63
-64.55, 38.63, 5.61
10.17, -27.63, -62.14, -18.91, -42.5, -7.55, 50.74, -25.97
32.01, 71.18, -49.58, 89.52, -41.15, -43.13, 57.71, 88.46, -21.27
65.28
28.59, -90.66, 93.85, 18.07, 52.87
95.38, -66.32, 59.99, -89.58
23.3, -28.42, -29.38, 89.03, -35.8, -85.03, 78.86, 71.26, -26.79, -45.16
66.49, -7.01, -94.38, 3.01, 62.53, 84.0, 75.59
50.42, -36.0
5.2, -23.99, -82.43
-7.94, -89.92, -24.26, 54.94, 86.71, 19.36, 27.36, 28.74, 59.98
-87.37
-75.08, 87.18, -96.27
-39.77
-85.39, -56.07, 57.89, -72.08, 5.08, 10.44, 40.52, 94.24, 81.68, 80.62
22.96, 68.42, 17.52
24.59, 43.62, 71.53, -17.11, -12.51, -40.23, -23.38, 97.44
-15.37, -99.57, -80.52
-97.56, -79.57, 96.42, 0.82, -20.78, -77.36, -46.75, 85.08, -53.62, -37.91
64.05
-87.45, 84.38, 45.81, -47.31, -12.42, 42.42
-99.1
13.12, -8.5
90.66, -79.7, 79.77
18.65, 57.74, -32.95, 3.99, 54.8
-24.19, -91.29, 90.62, -16.71, 97.89, -30.12, -19.91
-83.86, 76.96, 2.18, -57.21, -50.14, -81.18
11.78
42.4
66.92, -66.77, 25.74, 85.96, 8.97
2.18, -76.95, -82.3, 93.44, 4.82, 69.4
-93.49
-27.67, -42.42, 28.07, 51.24, 58.3, 80.04, -85.9, -67.72, -15.79
-80.71, 78.88, 3.72, -87.96, -37.75, -92.04, -87.93, -50.56, -76.19
55.36, 4.49
14.8, -35.28, -17.04, 89.41, -73.65, 26.81, 56.59, -69.27, 54.91
28.54, -69.32, 72.89, -42.41, 38.26, 32.81, -8.95
61.49, -55.14, -16.49, 36.31, 54.53, -95.81, 14.16, -85.93, -9.47, 62.87
87.91, -92.16, -36.99
46.85, -25.03, -70.68, 36.17
-10.93
31.93, -30.09, -63.13, -41.01
83.18, -33.53, -88.66
31.59
97.32, 77.56
4.83, 66.88, -66.94, -93.42, 56.41, 43.4, 70.6
0.79, -45.33, -13.25, -41.96, 90.46, -0.63, -48.8, -3.93, -23.13, 6.88
-30.74, 19.83, 82.95, 85.47
51.79, 10.24
29.16, -87.15, 0.41, -62.94, 78.9, -24.31, 62.27, -44.18, -32.33
2.3, -48.19, 19.61, 83.23, 57.22, 50.58, -52.08, -25.41
-14.94, 31.12, -87.64
-27.73, -44.24, -34.55, -77.27, 89.64, 66.18, -23.12
35.94, -16.26, 80.63, 43.97
77.6, 89.27, 32.18, -29.7, 70.15, -99.02, 35.6, 82.55, -57.74, 2.07
-41.63, -89.9, -32.41, -81.7
87.9, -91.35, -88.41, 28.91, 86.06, 7.44, 43.45, -38.08, -47.98, 78.4
91.29, -57.4
73.6, -26.62, -14.76, 54.55, 33.58, -41.87, -80.21, -29.12, -65.72
-49.69, 3.27, -45.13, 16.17, 11.78, -63.94, -78.6, -25.39
63.87, 33.96, -95.18, -61.08, 77.29, -74.57
30.73, 12.38, 2.46, 2.92, 18.12, 55.66, 3.34, -94.88, -70.83, -85.67
15.21, -8.38, 58.98, 6.41, 58.79, 13.52, 13.47
26.32, 6.27, 53.38, -1.69, -70.85
-59.8, -58.28, 7.27, -8.16, 47.75, 28.65, 76.31, 45.12
-73.94
-19.43, 77.45, -72.94, 25.03, 32.24
63.59
-33.99
84.14, 65.83, -69.84, -86.15
-99.53
-89.67, -1.36
-86.04, -65.14, 90.25, -53.43, -41.35, 43.8, 16.84, 83.5, -79.87
-6.01, 91.0, 21.97, 37.09, 91.96, 25.96, -37.79, -39.32, -42.91, -69.52
29.8, -99.38, 49.45, -16.58, -97.61
-11.75, -95.26, -37.92, 15.83, -27.29, -50.9, -20.31
57.39, -24.57, 4.18, 19.91, -89.13, -22.25, 61.94
97.04, 60.22, 81.65, 48.78, -52.74
59.52, -43.26, 73.49, 83.85, 3.11, -46.97, 27.9, -17.87, 29.15, 16.6
-30.87, -31.43, 31.37, 34.52, 36.79, 42.43, 43.47, 44.91, 70.28
-41.45
72.07, 70.5, -69.7, -53.0, 49.2, 14.06, -1.86, 58.94
-21.63, 43.76, -94.71, -89.69, 78.54
46.82
5.11, -52.8, -13.58, -80.63, 31.97, -12.05, 68.8, -53.47, -80.95, -28.57
-61.96, -68.28, -66.31, 13.31, 88.79, -7.3, -9.81, 97.68, 60.35
-89.22, -93.98, -81.12, 8.73, 76.84, 93.37, -74.88, -2.6
-27.01, -48.38, 95.88, 66.44
-90.8, -49.85, 38.65, -49.36
-1.72, 92.14
-97.21, 64.12, 57.2, 33.97, -87.91
51.07, 90.43, -99.13, 75.77
66.89, -81.52, 83.45, 7.55
-30.68, 6.55
-25.09, -50.77, -77.1, 92.93, -63.23, -68.12, 35.77
-35.92, -97.02, 74.37, 46.5, 80.97, 7.59, -97.65
60.57, 56.37, -2.99, 91.71
-0.49, 42.33
43.99, 40.08
26.62, 17.1, 30.44, -52.59, 45.73, 34.66
-30.29, 26.8, 62.19, -3.92, 63.53, 45.86
5.3, -8.97, 14.54, -63.4, -71.89
-35.64, -79.64, -28.73, 98.96, -24.37, -28.21, -74.43, -78.5, -81.76, 20.59
58.95, -42.38, -34.89, -37.65, 85.41, -50.64, 87.59, -48.36, 6.45
41.98, 77.71
-50.76, -27.54, -40.66, 16.06
92.12, -31.9, 79.93, -68.31, -12.16, 41.31, -15.04, 53.29
-34.9, 26.35
17.13, 66.02, -42.4, -40.52
-67.14, 77.75, -46.92, -58.37, 48.65, -10.36, 59.27, 12.26
0.38, -17.72, 82.68, -51.61, -84.33, -87.14, -96.73
39.95, 80.71, -73.92, -64.89, 69.0, 78.4, 9.81, -37.72, 8.79
20.01, -52.31, -32.29, 95.04
-81.34, 86.82, 47.19, -89.39, 84.76, -76.81
-80.04
54.17, 27.35, 24.53, -24.25
64.57, -41.1
-7.35, -78.82, 12.98
58.27, -38.61, -37.16, 67.45, 23.25, -49.36, -37.64, -90.49, 10.5, -34.1
-50.7, -29.42, 71.54, -74.84, -29.61, 80.21, -39.88
-8.52, -60.23, 24.08, 10.33, 49.54, -23.34, 51.8, 22.0
-24.57, 21.52, 49.58, 72.98, -67.7
-86.16, 14.6, 18.18, -42.69, 17.04, 40.82, 49.09, 37.72, -11.0
87.86, -9.88, -50.63, 95.4, -51.64, 58.1, 17.98
-17.91, -75.85, -62.96, -94.48, -42.85, 82.31, 43.63, -49.62, -15.48
94.4
-14.21, -14.82, -14.84, -39.11, -62.06
94.09, -65.04, 74.44
-68.74, 14.32, 49.63, -20.84
-2.96, -70.51, 89.19, -36.98, -85.6
95.96, 95.23, -11.6, -23.61, -56.96, 15.45, 74.2, 37.3
71.6, -1.48, 70.37, -69.02, -57.21, 82.77, -30.8
11.17, -63.77, -81.06, 17.24, -28.49
-86.08, -4.22, -95.1, -86.4, 49.35, 41.06, 21.63, 89.25
-17.15, 2.93, 86.3, 27.7, -39.77, -6.87, -46.94, 17.41, -64.47, 83.87
13.76, -57.36, 28.45, -1.01, 20.9
79.44, -5.8, -25.69, -68.09
87.04, 55.45, -44.77, 89.9
-3.12, 4.53, -41.71, -32.13, -24.48
26.46, 57.0
-65.76, 61.02, -13.65, 21.59, 41.87, 42.98, -72.8, -72.67
-22.27, -0.7, 95.52, 63.5
67.99
71.81, 40.41, -53.41, -22.76, -68.35, 41.63, 52.07, -13.93, -2.8, 16.82
56.56, 65.74, -0.55, 35.84, -70.3, -60.35, 46.18, -19.12
-54.54, 99.77, -96.67, -22.03, 54.88, -78.12, 81.07, 63.79, -77.47, -79.42
59.82
-74.2, 13.75, -35.3, -33.71, -90.19, 17.45, -64.86, 12.61, 26.75, 82.67
23.86, 82.79, -76.48, 51.73
33.68, 70.18, 55.11, 17.2, 27.28, -65.83, -62.51
40.59, -98.95
-51.01, 72.84, 60.44, 63.02, 2.35, 89.95, 34.54
22.72, -54.85, -73.22, 69.58, 62.02, 74.02, 95.27, -9.89, 89.94, 48.36
-83.12, -3.96
44.04, 61.48, 92.07, -45.97, 41.87, 32.45, -2.27, -86.33, 42.26
74.8, -83.26, -80.44, 25.83, -46.87, 13.08, -1.22, 90.64
-93.3, -12.42, -45.7, 72.16, -20.53, -78.52, -55.03, -76.23, 93.32, -32.27
77.21, 43.69, -37.83, -53.02, 95.8, -13.09, 18.43, -75.85
-98.93, 47.52, -33.85, -44.39, -82.57, 41.59, 67.53
-30.06
-72.98, -65.72
68.21, -90.58, 56.31, 72.25, -78.6, -45.81, 84.22, 2.65, 21.74, -17.45
-5.55
40.98, -11.26, 1.35, -64.46, 93.97, -97.32, 98.91, -4.38
41.96, 0.0
26.47, -30.82
14.3, 24.8, 1.4, 45.38, 8.68, -32.81, -85.51, 33.02, 15.61, -26.21
54.37
31.86, 47.38, 51.46, 14.89, 37.01, 43.57, -8.07, -45.9
69.73, 11.0, 52.32, 46.85, 34.08, -99.28, -0.69, 82.75
-66.47, 28.47, -49.59
27.25, 70.42, 29.81
-51.29, -50.62, 93.99, -26.47, 24.52, -77.67, -72.88, 39.94, -92.23, -0.8
-14.93, 66.41, 37.4, 10.12
36.93, -27.68, -73.72, -50.55, -20.02
-75.27, -12.36
38.75, 33.63, -32.62
-74.4
-43.12
20.25
10.19, 32.43, -61.1, 1.88, 84.23, 58.21
1.8, 5.33, 48.34, 10.79, -8.49, 59.4, -81.51
-51.55, -10.89, 90.83, 8.79, 10.33
-14.89, 10.03, -58.53, -63.79, 36.64, 60.97, -53.53, 56.23, -2.52
58.37, 67.37, 87.91
5.54, 38.1, 92.77, -45.83, -38.89
-44.48, -53.13, 29.12, 36.49, 97.46
81.16, 81.8, 44.67, -50.76, 90.13, -90.69, -65.13, 20.24
85.59, -53.43, -56.44, -72.21, -31.53, 35.27
-86.29, -87.45, 13.91, 73.75, -54.79, 24.42, 48.07, 2.03, 21.75
61.72
30.8, -98.76, -48.26, -2.56, 23.93, -78.77, -17.68
77.14, 62.93
-63.31, -14.14, 45.66, 48.02, -54.18, -72.94, -68.94, 94.16, 27.42, 40.36
74.22, -9.27, -55.83, 49.09, 77.65, -63.94, -52.69, -83.7
-45.28, -49.23, 71.9, 9.28, -33.7, 44.83, -6.7, 79.21, -1.54
-87.36, -67.49, -93.61, -52.34, -79.6
48.51, -61.06, 92.44, 73.23, -11.13, 39.97
32.23
-47.91, 19.01, 7.48, 21.29, -73.72, 57.18, -27.68, 4.31, -13.23, 24.02
51.07, 96.37, 41.73, 1.75, -45.35, 51.71
81.57, 31.15
47.53, -58.95, -69.29, -69.71, -15.8, -3.65
-26.44, -40.52
5.16
77.92, 10.81, 10.76
31.42, -33.3, 85.94, -23.49, 26.87, -94.61, 65.5
29.38, 77.43, 55.47, -17.89, -11.47, -79.96, 48.06, -82.95, 46.4, 83.86
-47.79, -11.62, -0.21, -7.97, 64.17, -31.54, 76.29, 61.56
-6.8
55.05, 75.4, -25.91
25.23, 79.23
58.84, -37.55, -92.76, -63.55, 0.61
-26.23, 25.93, 11.63, -11.27, -26.4, 7.46, 32.49, 61.4
-33.2, 2.46, 25.54, 3.25, -95.83, -95.92, -45.37
71.52, -14.13, 71.58
51.36
-11.66, -55.44, 30.29
10.92, 12.67, 4.73
71.2, 17.29, -27.74, -16.1, -11.24, 5.97, 47.93, 27.68, 24.04, 91.94
-67.72, -57.74, 97.3, -29.98, -32.7, -88.83, 88.61
-15.52, 14.34, -40.31, 19.01, 68.63, 21.93, 96.67, 8.53, -79.84, 97.55
58.1, -62.61, -97.23, -15.18, -36.36, -50.84
33.91, -25.79, -3.38, 9.87, 28.63, 77.27, 14.08, 7.4, -39.47, -76.55
-89.44, -56.88, -42.89, -2.76, -91.08, -91.04, -87.93, 51.47
79.17
-49.24, 8.32, 92.05, -63.21, 13.12, -59.12
-36.43, -68.29, -42.64, -81.69, -44.55, -64.38
55.22
48.42
84.54, 68.2, -49.2
-77.29, 84.5, -21.34, 22.11, 5.31, 3.87, -39.42, 59.13
28.45, 95.67, 34.1
-24.36, -98.06, -3.16, -42.26, -56.93, -45.97, 83.19, -84.01
35.74, 48.27, 88.33
-16.64, -12.56, -90.87, 47.98, -80.36, 96.65, 55.27
-85.67, -40.68, -37.99
-33.69
43.24, 55.86
-38.91, 14.08, 94.53, 51.47, 24.65, -28.84, 92.04, 56.78
51.96
17.2, 37.79, -91.31, -12.03, -99.7, -49.36, -27.99
-32.01
19.08, -86.36, -92.27, 67.52
39.87, 57.3, -54.69, 33.22, -82.78, 94.89, 17.8, 38.66, 22.63, 24.63
-6.71, 79.08, -68.2, -31.2, -20.57
8.97, 50.69, 31.98, 2.76, -63.07, -93.11
64.54, -17.35, -18.38, 75.59, 55.14, -20.99, -61.49
88.01, 67.25, -37.3, 69.31, 24.75, -4.98, 30.8, -17.9, 32.39, 78.66
21.68, -48.83, -73.61
58.01, -62.69
84.37, 30.62, 41.95, 82.25, -34.29
72.46, -16.4, -98.72, 25.7, -13.85, -70.52
42.97, -41.62, -94.92, 99.81, -69.0, 31.48, 42.09, -25.93, 81.03, -67.78
12.66
23.08, -66.87
16.76, -48.04, -62.72, -51.57, 95.22
30.78, -72.25, 65.07, 78.5
-82.65, 22.08, -22.03, 26.35, -8.15, 4.53
-17.56, 85.04, 54.79, -66.28, -24.38, 82.74, -66.86
63.75, 92.74, -21.26
34.67, -54.88, 14.33, -65.54
-0.56, 45.45, 72.59, 37.61, -6.97, -3.94, -56.66, 42.62
52.41, 49.79, -9.79, 90.6, 14.74, 69.92
-27.6, -92.18, 95.59, -10.84, 80.11, 67.71, 94.08
-14.4, -39.76, 43.1, -86.0, 94.11, -47.79, -26.72, -69.78, 68.57, -30.15
29.11, 30.04, -12.24, -48.04
-31.75, 18.82, -49.74, 20.49, 47.05, 69.57, -10.16
32.54, -18.13, 83.2
-40.99, 94.86, -89.47, -64.19, 99.36, -80.97, 36.31
50.66, -33.06, -53.29, 2.28, -88.13, 13.52, -19.61, 26.76
94.64, -92.4, 1.12, 52.2, -54.63, 98.14
63.38, 41.42, -21.86, 56.81
-35.55
-69.07, 49.9, 28.11
-35.24
-15.18, -29.24, -95.24, 34.92, -93.78, -78.4, 89.92, 27.63, -91.81, 31.04
-70.96, 30.17, 74.71
40.58
99.26, 18.07, 84.91
-58.61, -15.8
34.5, 80.76, -4.94, 84.35, 24.18, 63.19, -47.24, -5.03, 41.18
-10.23, -29.96, 26.5, 78.53, -62.43
97.47
-94.71, -95.22, 44.4, 49.3, -38.96, 83.97, -30.14
-78.16, -83.55, -90.05, 30.44, 3.08, -77.67
-84.39, 66.15, -84.0, 84.05, 23.8, -50.41, 75.68
45.24, -61.1, 8.07
62.37
-8.75, -30.37, 50.84, 17.53, 92.8
-74.0, 72.05, 55.26, -98.7, -33.28, 77.33, 37.49, 69.03, 57.92, -3.58
-58.12, 43.73, -47.92, -31.81, 61.98
37.61, -57.77, -22.89, 23.86, -51.71
23.88, 21.16, -90.23, 80.56, 81.51, -76.76, 18.07
93.93, 70.01, 39.1, -89.06, 48.88
73.17
29.96, -12.81, -71.62, -11.13, 67.14, 24.01, -94.24, 74.8, -6.06
0.03, 41.01, -69.32, -99.78, -91.33
57.93, 68.38
-76.12, 40.7, -52.46, -20.83
42.69, 87.19, -35.84, -56.65, 85.16, 34.44, -39.97, 62.12, -85.2
-62.57, -64.21
-3.76
-26.31, -24.68, 11.62, 82.4, -59.64, 81.2, -54.48
-45.52, 17.74, 60.64, -83.67
41.05, -40.23, 92.27
-9.34, 50.84, -52.65, -6.67
-33.53, -20.16
-55.24, -7.97, -92.93, -18.65, -64.67, -7.54, -43.88
-16.51, 84.27, -30.89, -97.99, 31.85, 36.37, 22.72, 77.41
-99.07, 7.39
-12.46
37.7, -16.13, 63.17
-36.59, -25.91, 24.49, -15.72, 88.02, 53.86, -69.39, -38.53, -28.48, -96.39
-1.81, 34.46, 87.51, -21.13
65.34, -72.67, 46.96, 4.68, 10.77, 25.8, -6.98, 25.08, -43.42
-22.95, 57.7, 86.82, 36.45, -25.85, -13.23, 5.66
-65.43, -99.94, -82.93, 27.17, -25.05, 78.1, -55.93
-54.95, 71.26, -15.22
-70.67, -97.24, -79.7, -43.37
93.84, -14.07, -85.87, 77.01, -22.23, -30.03, 79.02
26.86, -99.84, -83.73, 87.61
-87.78, 55.83, 48.03
2.59, 64.84, 1.65, -28.28, 4.73, -58.9, -69.75, 56.54
-94.53, 52.75, -21.08, 40.21, 46.41, 29.42
-72.48, 89.31, 84.33, -97.06, -30.36, 92.07
-80.97, 14.11, 50.4, -21.19
34.18, -22.96, -86.08, 97.02, 65.65, -84.79, 17.75, 15.03, -11.58
40.26, 49.28, 44.57
57.13, 57.18, -84.91
-21.07
-6.23, 42.54, 18.37
5.09, 80.79, 64.11, -61.2, -33.02, -32.66, 11.34, -41.81
-22.08
87.89, 39.01, -47.57, -11.65, -7.04, 34.62, 55.15, 44.19, -44.29, 42.22
53.66, -56.87, -36.65
11.36, 85.45, -68.96, 77.93, 60.88, 72.09, -99.13, 21.29, 97.39
7.63, 29.2, -33.93, -47.18, -41.79
52.75, -31.77, -5.46, 20.22, -11.48, 89.24, 21.58, 94.9
0.6, 35.08, -90.28, -16.33, 49.91
50.8, 86.51, -81.78, 35.75, 77.31, 39.4, 86.95
1.33, -0.67, 76.73, 59.08
21.43, -10.72, 64.02, -27.78, -6.23, 58.3, 44.89, 81.36, -19.25, -79.74
13.9, 52.1, 58.27, 42.55, 55.84, 48.41, 48.89, -24.3, -79.58, 51.79
18.2, 54.41, -79.69, 42.09, 98.65, -5.58, 57.85, 0.87, 3.64
80.65
84.71, 82.55, -88.69, 50.92, 8.85, -93.73, 77.5
40.34, -80.68, -21.81, 75.87, 63.62, -47.89
55.4, -22.94, -76.87
-85.92, 59.19, 90.22, 62.88, -27.07, -28.73, -64.64
19.77, -52.69, 13.66
-39.12
-0.56, -89.31, -90.05, 40.86, -39.9, 25.28, 55.51, 51.8
64.25, -84.58
-53.54, -30.4
68.18
-27.44, 43.21, -16.45, -4.25, 90.4, -49.76
7.2, 2.05, -63.9, 10.41, 32.97, 80.46, -33.33
0.16, -15.71, 79.17, 18.88, 64.65, 55.31, -35.23, -55.09, 92.5
-75.6, -21.78, 38.28, -17.97, -30.28, -21.67, -18.69, 12.69, 56.3, 64.15
74.68, 85.39, -54.85, -69.7, 43.26, -76.62, -81.24, -83.22, 54.19
47.39, -59.32, -27.57, -14.38, 93.1, -48.44, -52.51, 25.82
32.69, -75.36
-32.62, -47.89, -5.84, 98.42, -72.43, 67.34, -53.59
83.96, 9.81, 49.97, -38.29, 4.99, 31.33, -82.82, 95.09, 65.18
50.04, 67.21, 2.6, -90.91, -92.19, 68.19, 67.56, 73.98
79.0, 62.23, 99.34
48.82, 8.09, -45.3, -50.66
-25.32, -43.55
83.21, 22.33, -13.21, -85.67
-84.0, -23.75, -17.8, 78.6, 92.7, -32.9, 91.59
-70.83, -67.89, 57.1, 79.92, -13.0, -9.77
-27.36
26.63, 21.73, 50.41, -0.23
-59.76
-84.82, -6.7, -47.02, -66.09, -42.49, -84.29, -74.47
-65.05, -63.89, -56.12, 84.41
-92.54, -63.36, -55.22, 99.81, -67.57, -22.9, -41.12, -74.27, 46.46, -92.61
-9.58, -92.19, 22.27, 81.37, -90.44, 70.24, 50.83, -19.82, 60.04, -37.77
9.07, -42.44, -61.19, 53.87, 73.59, -28.55, 41.57, -78.19, 82.47
-81.97, -87.09, 26.52, -37.37, -84.34
-97.66, 71.23, -83.39, -33.39
-20.4, -71.21, 56.02, 42.29, 8.35
-63.5, 31.22, 16.9, -74.91, -91.76, 79.74
-23.9, 27.83, -69.39, -47.45, 57.16
19.34, 14.8, 2.49, 79.63
31.03, -40.38, 3.72, -0.91, -81.17
98.47, 52.93, -54.74, 41.52, 14.34, -89.64, -7.98, -95.5
43.98, -95.99, -40.67, 46.61, 23.5
-98.77, 2.78, 93.14, 64.64
46.32, 40.16
-7.52
-68.83, 78.3, 24.2, 32.14, 93.96, 36.98, 83.49, 12.41
38.57, 74.6, 84.74, 56.94, -84.11, 19.72, 34.01, 10.02, -63.5, 79.5
23.91
-76.36, -70.22, 66.29, -96.38, -19.53, 76.04, 24.57, -34.69
-23.78
42.18, 36.97, -53.47, 57.82, -64.54
75.13, -76.93, -17.05, -28.83
-41.84, -86.71, -55.63, 0.73, -14.51
-58.63
-34.6, -3.51, 78.18, -90.03, 93.31, 37.39, 3.84, -63.62, 12.96
51.51, 27.89, 58.27, -62.26, 70.89
-52.52
-47.88, -9.69, 79.87, -80.04
69.9, 51.31, -36.75
96.28, 74.93
25.91, -45.69, 23.92, -95.03, 0.8, -34.35, -49.38, -75.05, 18.98, 30.45
53.44, 30.38, -96.78
38.12, 24.0, -38.4, -13.7
-62.92, 75.11, -69.88, 75.45, 99.84, -4.05
-5.1, -37.34, 58.4, 97.26, 18.17, -34.84
-17.49, -11.38, 5.58, 15.15, -6.43, 37.06, -26.61
-29.82, 77.14, -61.51, 36.01, -93.18, -28.36, -91.01, -96.75, 51.51
-21.93, 95.63
-61.55, 96.99, 76.57, -89.58, -20.29
7.59, -27.06, -75.65, 74.46, -56.45, -40.08
6.47, -91.59, -67.01, 11.92, 75.22, -30.33, -78.06, 28.28, 8.3, 74.28
80.44, 57.64, 89.7, -11.13, 19.44, -84.42, 48.28
31.3, 49.62, 29.65, 93.5, 21.49
-89.38, -76.83, 64.26, 57.01
-41.38, -96.13, -77.0, -34.83, -31.06, 77.86, 24.22, -21.1
10.0, -20.7, -52.0
30.76, 15.69, 26.37, -77.63, 36.74, -76.58
52.78, 43.45, 65.94, -94.4, 71.35, 91.81, 78.46
-9.16, -78.94, 36.03, 1.47, 12.08, -29.16, -72.68, 79.71, 52.56, -54.67
-56.78, 25.73
-96.8, 11.3, 87.22, 22.27, 39.28, -33.97, 0.54
-28.93, 18.94, 61.02, -90.37, 21.56, 36.73, 43.6, -37.05, 74.7, 18.88
-85.34, 5.78, -63.0, 73.02, 84.09, -60.83, 71.82, 33.24
-1.0, -85.82, 33.17, 6.54, 32.43, -56.7, -40.4, -74.66
19.52, -93.54, 51.23, 4.22
12.24, -88.97, -53.48, -0.12, 77.14, 81.18
31.25, 87.99, 59.1, 99.9
-46.98, 3.01, 8.35, 55.59, -92.63, -29.71, -6.56, 97.89
-47.7, -89.8, 26.24
-59.04, 81.41, -93.52, 55.35, 92.29, -6.43, 41.23, -84.31, 0.62, 67.0
-23.98
-86.76, -74.83, 64.73, -59.66, 25.5
73.67, 10.35, 97.54, -90.69, -96.9, -44.6, -52.2, 86.5, -69.64
89.23, -97.54, 36.76, 73.41, 85.99, 13.46, -1.5
3.12, 21.06, -59.27, 42.63, 22.31, -99.47, 4.92, -51.52, 21.96
-88.79, -45.51, -20.12, -66.34, -35.34, 0.33, 48.86, 37.77, 4.45, -22.42
-1.66, -43.0, -70.94, -83.36, 46.05, -68.71, 44.04, -31.24, -65.73, -19.5
89.14
96.21
-92.68, -57.49, -9.95, 40.81, -0.1, 90.62, 19.12, -12.84, 52.14
-30.73, 20.96, 37.64, -77.11
69.35, 20.11, -69.58, 16.97, 78.24, 28.92, -49.95, -5.81, 25.21
2.04, -71.96, 24.11, 61.57, 73.73, 51.94, -55.67, 18.93
-72.3
82.28, 5.95, -78.37, -2.65, 95.46, -39.92, -89.7, -73.06, -67.16
-28.86, 86.92, 34.0, 36.42
-13.27, -93.29, -70.39, 23.94, 42.12, 36.95, -53.46, -93.34
51.24, 96.84, -20.24, -36.31, 83.94
38.64, 34.14, -88.23, 43.41, -21.62, 85.66
-29.79, -97.86, -15.47, 65.02, -56.37, -50.89, 32.1, 31.98, -66.91, 65.06
-81.79, 91.68, -40.05, -8.55, -25.93, 1.75, -16.48, -74.92
6.54, 95.16, -71.56, 43.25, 81.02, -36.57, 76.23
-7.99, -9.16, -54.54, 97.94
-11.03
94.54, -5.28, -24.6, -79.04, -98.26, 72.13
73.39
-63.07, -67.81, 15.03, -17.22, 63.57, 13.71
39.75
-85.41, 33.91, 62.42, 73.44, 28.81, 13.82
14.32, 89.23, -16.34, -40.17, 69.0, -17.19, 67.52, 76.31
95.97, 36.03, 7.15, 41.93, 0.66, 37.28, 57.79, 23.0
82.85, -88.19, 67.81, 5.74, -68.71
15.3, -68.42
43.47
82.65, -3.3, 56.69
87.16, -72.72, 78.09, -29.09
19.8, -29.09
-16.58, -53.17, 5.84, 25.65, 11.13, 81.22
-41.5, 34.88, -55.8, -21.9, -66.69, 9.5, -18.27, 87.1, -42.48, -83.7
-35.74, -95.85
-55.44, 29.13, -43.5
3.92, 86.19, -67.89, 91.67, -39.69, 73.68, 42.84, -90.46
-28.58, 95.91, -14.05, -7.02, -49.83, 38.59, 96.31, -69.59, -41.91
83.38, 61.95, -79.95, 23.58, -75.83
60.26
96.91, -44.39, 96.78, -67.58, -1.8, 26.14, 5.64, 26.41
-81.63, -85.1, -94.56, -96.07, -81.43, 13.11, -38.22
5.72, 45.57, -9.28
-51.52, -80.87, 76.63, -88.47, -68.07
35.03, -84.18, -55.61, 4.04, 81.91, -53.53, 37.08, 63.71, 5.44, 70.03
76.39, -51.07, -19.21
-12.94, -32.43, 91.86, 40.67, 10.78, 57.8, 99.66, 82.81, -60.27, -73.57
-64.48, -65.69, 44.17
-23.1, -37.52, 24.26, 67.42, -29.1, 47.26
67.53, 0.61, -35.78, 85.65, 33.86, -66.64
-76.37, 41.48, 42.62
-18.44, -80.38, -81.74
83.8, 16.07, 20.66, -2.78, 87.16, -13.2, 89.82, 48.01
-83.8, -74.22, 9.95, -92.34
80.24, -65.98, 41.81, -36.8, 82.39, -86.67, -29.47, -28.08
15.0, -15.88, 80.93, 28.95, 98.42
-52.31, -95.99, 31.62, -44.85
-33.16, 33.74, -95.85
-81.71, -61.16
11.33, -44.88, -1.43, 18.54, -56.27, -65.78, 80.96
-69.39, 75.3, -88.76, 47.69, 91.01, 76.59, -56.61
87.07, 18.17, -52.33, -18.81, -36.6, -37.42
-24.75
78.79, 78.94, -87.75, 7.35, 87.36
-81.78, 63.54, 6.35, -63.99, 50.73, 77.03, 28.85, -94.23, 60.93, -75.3
56.7, 45.94, -30.32, -74.48, 19.77, -92.12, -53.22, 85.91
45.83, -4.34, -97.2, 10.78, 84.24, 68.29, -60.68
-98.07, -91.33, 64.89
-37.16, 16.02
-86.15, 95.14, -98.13, 48.89, -19.51, 47.88, 44.81, 74.55, -14.55, -32.87
87.23, 36.23, -91.68, -26.77, 56.0, -62.74, 80.46, 17.7, -86.71, -39.46
26.11, 47.45, 78.88, 27.27, 73.13, 5.49, 42.11
-39.71, 16.86, 88.47
90.02, 75.44
-69.9, -18.23, -6.55, 31.81, 32.01, -41.28, -6.41, 90.81
-10.57, 27.51
-44.28, -36.61, 53.7, -67.33
-22.84, 87.36, 30.74, -94.4, -42.36, 78.42
-91.65, -60.41, 51.24, 9.22, -85.8, -2.98, 78.29, 90.32, -4.95
-53.13, -94.91, 79.87, 62.67, 99.89, 38.25, -70.44, 88.16, -18.07, 44.94
-98.08
7.43, 4.64
-80.97, -33.55, -36.26, -73.96, 5.96, 66.94, -25.85, -24.02
89.13, 72.31, -15.56, -73.59, -98.55, 60.22, -76.2, 83.5, 84.06
-14.86, -43.17, -7.95
41.64, 96.94, 50.61, 85.19, -63.76
-2.34, -98.71, 19.48, 81.09, -55.74, 27.96, -18.36, 66.01, 0.27
-64.59, -62.16, 21.95, -4.36, 62.1, 33.26, 57.64
-5.92, 96.93, 8.43, -69.85, 66.93
-6.09, 6.94, -84.23, -94.38, -64.67, 55.96, 49.08
3.86, -13.55, 62.86, 32.24, 14.51, -59.83, 21.76
85.15, 30.6, 77.24, -0.45, -16.2, -25.64, -72.09
14.27, -88.6, -77.11
89.05, -41.4, 42.16, -6.11, -46.09, -84.58, 86.47
22.61, 8.63, -91.79, 72.61, 32.17
20.46, -68.6
29.31, 10.2, -82.28
97.53, -76.23, 17.75, -27.43
-48.93, -11.56, 28.77, 31.29, -95.3, 41.67, 35.84, 78.23
-33.29, -28.93, 2.13, 65.61, -2.15
-36.73
-99.49, 71.96, 42.43
65.47, -25.25, -57.76
-74.42, 81.25, -81.99, 29.5, 20.37
20.14, 51.01, -15.37, 68.23, 81.52, -90.11, -21.59, 15.2, 25.62
-86.88
-0.44, -32.84, 34.2
84.45, -59.55, -86.61, -53.54
68.67, -46.81, -36.5, -86.09, 12.17, -3.71, -73.92
91.11, -79.24, -71.5, 70.74, -45.37, -37.61, -78.2, -47.24
-27.09, 61.55, -49.3, -38.14, 42.64, -66.84, 60.02, -1.79, 59.86
-94.47, 89.26, -87.73, -52.75, -69.17, -82.98, -71.68, -18.75
-82.5, -46.68, -84.01, -15.35, 83.18, 15.94
-52.51, -29.77, -3.05, 52.38, 96.83, -47.92, 95.18, 97.99, 77.67
-94.24, -65.66, 16.89, -45.24
-48.8
85.74, -9.93, -27.39, -6.65, -80.0, 81.12, -92.13, 88.26, -66.04
-81.12, -81.27, 82.89, 25.54, -27.23, 68.81, -28.48, -26.31, -55.75, 65.61
65.32, 67.43, -77.79, 24.44, 85.71, -56.32
52.65, -99.54, 20.02
-50.44, 28.58, 9.26, -43.37
11.32, 1.93, 41.56, -98.11, 26.82, 78.5, 86.18
-17.39, 11.56, 63.51, 59.94
-58.23, 94.67, 17.65, 58.13, 93.28, 67.48, -1.04, -83.55, -44.78, 74.48
93.29, 15.28, -12.26, -26.19, -84.01, -82.04
-16.14, -52.46, -13.51, -30.59, -73.3, 61.9, -32.68, 26.26
73.88, 50.92, -20.8, -93.69, -82.14, -84.33
-47.41, 77.21, 2.72, -97.88, 63.09, -61.9, -23.29, -42.96
-13.25
-91.39, -44.12, -48.94, 61.97
89.48, 78.58, 73.56, 54.45, 32.99, 79.53
64.95, -78.53, 85.78, -72.25, -2.17, 43.4, -87.02
77.05, 28.71, 82.87, 26.72, 59.26, -73.85, 96.28, 3.45, 6.72, 39.59
43.08
-21.33, 20.47, 26.79, -87.07, 15.17, 71.13, 16.24, -28.03
-71.41
34.33, 17.9, 93.25, 71.94, -30.13, -68.48, 57.45, -94.55, 61.25, -18.37
-41.95, 32.38, 45.3, -2.01
-71.37, 42.9
90.25, 18.49, -21.12, 48.03, 57.59, 34.68, 28.19, -3.56, 92.66, 87.67
-86.55, -73.09, 45.02, 80.63, 31.88, -3.5, -18.81, -32.9
91.55, -10.64, -44.11, -92.9, 20.42, -63.04, 49.36
-34.51, 20.49, 73.94, 93.57, 43.53, -49.06
52.38, 46.98, -35.2, 44.43, -22.58, 66.75, 69.69, -89.65
-52.83, -61.02, 67.81, -84.84, -49.42
67.53
16.0
-96.36, -66.65, 65.36, 0.82, 93.23
-17.66, -52.85, 44.94, -90.98, 69.34, 78.57, 26.54, 58.79
28.93, 92.16, -46.49, -83.02, 84.0
-58.36, 0.62, 89.97, -8.49, 77.19, 83.68, -58.84
-33.44, 65.09, 35.25, 67.36, -37.97, -7.97
88.0, -22.73
-34.25, -18.89, 6.59, -11.0
40.16, -88.34, -57.58, 50.71, 91.41
29.45, 81.66
-13.26, 97.87
-40.83, -1.83, 64.38
-12.45
-13.72
47.67, 32.81, 77.15, 85.32, -89.22, 40.95
-67.99, -88.46, -39.22
96.87, 80.52, 26.29, 99.47, 72.16, -64.98, 55.69, -12.22, 39.12, 30.6
46.22, -44.1, -34.4
73.97, -74.89, -17.12, 39.71, 65.8, -32.31, 12.73, -65.59, -12.71, -40.99
-23.69, -73.03, 68.1, 58.77, 29.67, 44.87, 78.46
61.87, 97.32, -68.54, 83.97, 97.5, 7.95, -12.8, 87.22, 34.49, -43.38
38.35, 23.53
32.27, -28.41, 35.09, -72.37, 82.11
61.49, 17.5, 10.37, -87.36
17.27
-42.74, -95.35, -21.41
79.21, 55.99, -46.06, -71.09, 78.67, -46.76, -46.3, 65.46
65.53, -16.54, 1.29, -68.78, 19.05
91.06, 99.74, 41.21, -26.87, 99.84, -51.25, -64.07, -73.83, 20.79, 2.91
71.01, -15.47, -60.36, -5.18, -97.61, -39.95, 60.29, 97.43, -74.34
90.37
92.15, 32.95, 14.3, 82.68, 78.11, -30.31, 40.79, -33.07, 23.41, 35.65
69.85, -66.08, 99.04, -14.34, -57.36, 23.38
-84.21, -86.93, 13.77, 18.22, 25.87, -0.57, 26.54, 15.25, -21.23, -78.67
94.4, 57.44, -69.6, -8.77, -87.15
58.44, -12.05, -23.37, -33.79, -97.21, -3.44
-58.41, -26.76, 73.22, -20.16, -21.3, 26.09
11.23, -32.51, 8.79, 37.86, 7.24, 94.67, 26.42
4.13, 70.33, 20.41, 52.44, -33.72, -30.43, -46.23, -84.78
84.12
55.06, -11.52, 34.83, -1.5, -53.64, 18.42, 1.0, 23.58, -6.35
-47.07, 42.21, 89.38, 15.19, -51.52, -32.23, -20.2
64.51, 10.14, -60.22, 91.74, -70.85
27.01, -74.7, 44.2
-79.53, -12.36, 55.33, 48.65, -96.44, 6.56, -68.59, -4.88
-5.15, 48.12
-20.06, -46.76, -26.33, 17.96, 77.52, 38.92
-21.05, 22.76, -48.36, -47.47, 26.64
-23.66, -65.75, 86.63, -52.65, -50.55, 79.21, 14.35
-43.02
24.24, 83.86, -93.43, 42.74, 64.4, -8.36
11.56, 56.62, 96.28, -56.6, -49.34, -88.88, 85.29, 45.13
-55.69, -30.25, -40.73, 28.56, 8.73, 37.66, -31.82, 93.56
29.91, -40.31, 44.24
98.51, 2.17, 83.48, -17.34
15.03, 31.73, 17.71, 8.24, -23.91, 62.45
17.23, 36.29, 71.11
-55.5, -73.11, 71.02, -26.5, -31.1, 73.1, 52.09
-27.69
-68.89, 0.16, -8.5, -54.72, 15.21
-93.04, 2.55, -86.3, -95.19, -31.71, -99.64
41.49, 85.88, -73.86, 16.89, -97.19, 17.46, -96.36, -93.99, 0.83
51.31, -33.2, -30.36, 37.41
51.24, 66.69, 36.35, -99.41, -49.12, -41.51
-90.58, -96.15, 18.78, 90.44, -81.43, -32.31, 47.47
-12.0, 11.73, -94.5, -29.23, -16.38, 51.95
78.22, 30.46, -94.5, -5.28, 57.62, 82.4, -78.06, 19.26
-73.05, 60.55, -43.47, 40.04, -6.38, 49.02, -8.96, 2.9, 78.66, -21.55
-32.88, -43.64, 4.29, -51.66, -59.17, 95.46, -56.77, -92.98, 78.85
77.67, -41.68, -79.7, -11.52, -1.57, 41.3, -84.85, 37.66, 96.52
-63.91, 52.14, -76.41, -10.3, -6.6, -62.26, -95.45, 50.13
69.95, 37.27
89.08, -52.12, 28.85, -25.42, 36.18, 4.36
-24.14, 66.98, -89.99, -95.19, 12.99
-88.33, -46.58, -30.73, -92.94, 91.43, 90.02, -66.26, -27.48, -36.28, 2.66
99.19, 75.22, 38.78, -71.16, -54.15
-51.1
-58.48
-80.86, -24.67
72.86
72.54, 57.19
-15.69, -63.2, 40.48, -72.21
58.88, -44.9, 98.72, 21.8, 74.79, 78.15, 26.82, -84.3
56.23, 72.3, -23.84, 50.01, 67.17, -61.46, -29.79
73.28, 39.91, 14.23
2.53, -98.34, 26.82, -74.21, 63.15, 45.44
62.45, -79.6, 83.61, -81.77, -7.73, 88.86, 99.39, 69.23
25.23, -48.17, 38.72, -94.8, -3.41, 92.27, 48.61
-91.22, -98.74, -45.4, -10.46, -91.75, 16.23, -42.02, 34.87
81.98, -99.51, 94.8, 44.5, 72.55, -37.3
54.76, 32.77, 18.62, -93.39, -16.96
-51.2, 6.02, 94.59, -48.57, -72.36, 62.42, -99.98, -10.88, 33.38, 95.47
2.72, 64.72
-62.98, -43.4, -71.79
33.1
-2.22, -87.03, 56.68, 79.97, 99.77, 99.81, 96.54, -85.11, -72.14
64.05, 4.57
80.34, 58.14, 88.81, -34.51, 72.04, -13.53, 89.31, -49.19
-13.1, 93.25, -8.54, -66.67, -68.26, 98.95, 52.28, -18.53
-9.6, -86.21
92.9, 90.31
65.21
87.4, 61.19, -85.5, 79.04, -76.19, -11.12, -54.77, -5.38
-6.43, 63.3, -88.41, -89.37
15.52
-93.7, 76.24, 70.21, -58.64, 71.65, -9.38
-20.38, -56.61, -80.81, 23.1, -22.63, -39.88, -17.08, 87.21
-67.88, -22.56, -62.85, -21.42, -92.58, -41.9, 94.35, 91.95, 9.04, 77.64
-10.3, -22.4, 39.61, 35.11, -75.47, -17.04, 21.84, -83.78, -89.66, 5.18
-93.66, 61.65, -17.97, -24.31, 50.07, 71.12, -69.59
-86.8
5.45, 29.94, -57.77, 54.42, 96.12, 42.93, 60.43, -66.15, -35.35
-96.7, -68.11, 34.78, -56.77, -71.33, -98.55, -0.0
60.58, 32.98, 74.93, 65.77, 83.31
72.15, -25.65, -99.5, 1.66
46.18, 58.45, -88.72, 43.49, -65.09, 95.44, -11.24
-40.7, -20.79, -3.63, 41.75
54.96, -44.71, 16.93, -98.67, 78.7, 13.81, -62.9, 99.71
67.88, 69.89, -82.94
79.14, -8.16, 76.46, 35.09, 50.46
46.22, 37.61, -82.86, 57.13, -10.95, -28.04, -6.09, 32.11
-6.79
48.36, 71.16, -61.62, 12.51, -93.88, 56.75, -67.33, -90.34, 52.69, -46.52
-56.58, 78.47, 61.44, 24.55
-76.61, 16.93, 76.7, 63.65, -22.8, -25.58, -63.74, -40.84, -64.06, 85.63
-61.77, 75.89, 9.85, 12.7
46.35, 82.41, -63.89, 28.11, 32.05, -85.18, -34.05, -74.68, 53.55, 98.23
32.33, 26.38, -8.74, 28.06, -79.54, 52.76
-79.34, -59.05
44.65, 91.4, -86.85, 10.57, 23.69, 90.97, 88.68, 15.7, 29.1, 7.45
85.65, 24.1, 73.12, 24.84, -53.72
36.11, -18.98, -38.06, -20.26, -99.29, 58.65, -60.99
-23.35, 8.15
56.99, -53.65
-19.36, 99.89, 34.04, 58.02, -64.16, -61.59, 32.63, 83.36, -98.0
-3.4, 29.08, 60.63
29.66, -56.09, 68.51, -76.28, -55.82, -18.26, -35.79, -91.29, 59.79
15.29
3.36, 4.18, 94.62, -82.13
-26.91, -96.22, 35.18, 3.24, -24.65, -11.25, 16.03, -34.02, -94.15
98.8, 97.4, 19.58, 15.05, -45.22, -72.4, 55.11, -53.49, 57.79, -1.99
-53.67
-22.6, 93.84, 98.13, 9.63, 4.99, -52.89, 75.25, 48.28, 20.55, 51.68
-60.1
-11.89, 74.59, -5.5, -47.38, -21.1, -1.7
-20.99, -21.9, 38.99
64.91, 39.8, 9.98, 90.91, -34.22, 53.69
-34.49, -38.84
22.67
-4.7, -77.78, 72.43, -89.83, -19.2, 92.58, -5.58, -49.09
-64.95, -50.54, -44.18
7.23, -61.86, -2.38, -3.5, -76.75, -1.29, -30.11, -69.4, 75.43
-17.58, -34.72, 38.21, 6.03
53.49, -14.22, -72.12, -13.59, 75.23, 80.55
13.01, 32.87, -58.21, -47.38
95.87, -74.01, 40.58, 67.1, -62.25, 45.66, 31.1
93.53, -48.83, 71.17, -10.19, 13.24, -60.15, -59.03
85.59
1.82, -79.43, -77.67, 96.05, -44.43, -26.08, -66.79, 34.39
-61.43, 63.82, 75.12, 17.45, 76.72, 75.3
-4.35, 52.91, 4.78, -4.5, -22.53, -73.99, 50.74
24.19, -62.7, -96.81, 16.85, 22.83, 97.6, 31.64, 98.1, -68.67
11.12, 43.57, -86.66, -67.07, 65.72, 72.48, 76.1, 23.72, 87.67, -25.2
-36.61, 82.01, -57.12, -40.59, 14.84, 14.23, -11.54, 24.49
6.75, 10.05
-95.54
-86.34, -58.01, 50.89, -83.01, -32.91, -0.63, -51.1, 66.94, -70.51
68.83, 57.19, -23.05, 63.2, -40.78, 66.4, -55.11, 87.82, -13.64, 48.96
87.24, 90.64, 67.91
-47.73, -26.78, -65.28, 69.82, 65.64
-39.38, -36.47, 53.9, -9.55, -5.86
-3.3, 49.35, -80.71, 18.33
57.89, -68.15
-79.68, -95.09, 23.92, 36.74, 58.46, 17.54, -84.57, -62.4, -1.29
-59.4
-81.69, -88.96
-39.37, 1.69, -70.66, 99.78, -58.42, -21.24, 35.27, -85.45
17.57, -98.47, 50.34, 85.05, -4.99, -40.52
49.06, -6.59
42.84, 94.09, 5.34, 15.04
-11.0, -94.23, 19.83, -59.85, -36.51, 10.72, -15.71
-46.53, -2.19, -24.8, 71.04, -88.4, 10.77, -41.04, 90.95
-78.46
-44.56, -53.9, -36.13
-16.9, 57.86, -36.56, -69.86, -67.89
92.81
94.08, 9.63, 21.91, 69.23
21.13, -10.07, 72.24
25.21, 39.51, 43.17, 73.67, 82.87, -59.15, 79.38, 2.99, 20.3, -36.1
66.69, 49.0, 14.7, -28.67, 35.69, -50.69, -92.7
-22.31, -69.96, -16.08, -88.98
-86.16, 24.27, -1.7, 22.12, -85.56, 5.85, 59.85, 61.62, -52.23, 31.58
-40.57, 0.22, -20.84, -33.68, -3.38, 44.85, 15.67, 43.89, 19.69
70.03, -35.67, 98.36, 37.0, -10.62, -61.94, -72.05
-27.89, -52.33, 7.71, -16.56
97.12, 95.26, -47.74, -74.06, -60.24, 33.79, -65.05, 15.36
42.08, 61.44, 78.86
-72.97, 72.42, -12.79, 98.76, -37.58, -72.45, 90.49, -25.01
32.91, 50.3, -84.57, -79.8, 50.53, 50.73, 9.27, -45.56, -60.27
-49.79, 53.69, -84.16
-86.74, -74.59, -6.29, 54.79
-68.97, 68.2, 97.81, -13.97, -98.58, -80.99, 50.4, -45.36, 51.53
-7.83, 81.05, -83.58, -22.58, -22.49, -71.98
-4.17, 60.52
9.31, 1.91, -94.55, 79.28, -24.21, 91.98, 82.53, -28.84, -14.11
37.19, 90.01, 33.09, 43.82, -6.11, 88.01, -18.16, 19.37, 61.44, -95.53
-73.35, -99.48, -67.36, -91.89, -4.55, -73.43, 92.2
41.32, 90.36, 71.55, -9.79, -97.57, 28.77, -46.41
36.03
-39.11, 50.01, 98.97, 58.45, 97.33, 14.65, -96.45, 95.33, 80.95
13.36, -90.75, -85.0, -86.17
-72.51, -95.29, -84.9, 79.35, 62.8, -56.11, 77.16
-52.08, -5.18, 13.98, 2.19, -37.39, -92.27, 31.32
-65.67, -34.23, 13.52, 38.89, 78.84, 6.69, -91.21, 48.08
83.53, 59.88, 81.62, 27.78, 1.23
20.89
-81.69, 94.01
78.56, 41.73, 86.73, -77.07, -34.57, -15.3
-76.36
-40.59
16.35, 73.87, -60.81, 90.9, 89.34, -31.7, 54.93, 22.08, 22.88
-15.82, -46.83, 24.28, -83.07, -87.2, -92.46, 17.76, -54.33, 70.49
65.12, -71.28, -80.11, -44.63
60.86, 75.14, 71.76, -54.5, -15.37
83.34, -79.23, 30.7, 3.97
