-683
470
-397
963
530
-335
839
-66
201
-709
585
-755
-355
401
466
-44
-96
118
-916
-980
-278
264
-346
-109
801
-478
567
300
-968
935
669
559
-629
543
-221
997
334
736
-851
185
599
412
480
-981
-740
-959
176
918
200
836
-514
-736
-235
14
863
620
-692
12
308
-597
187
124
493
-813
783
261
650
-640
-205
811
-932
-396
653
-783
109
-960
284
-125
-953
187
673
-264
437
496
785
890
804
-775
-341
126
-260
-670
368
-293
-811
277
63
-800
-849
-912
777
236
-424
-537
-382
-73
634
598
-875
856
553
-378
-389
229
428
583
-672
984
-512
-736
508
869
-618
-622
389
-845
403
244
-900
-992
-145
-243
-580
-779
-582
610
-448
-12
46
-343
-292
439
615
-915
-502
-478
792
-345
973
413
173
286
-67
-749
-481
461
-746
-986
934
-810
682
809
688
329
884
885
-262
-526
-350
338
-948
215
522
872
960
863
621
-889
332
-761
-560
901
154
364
133
-315
-287
80
882
746
-364
-693
-912
-916
973
356
-692
-832
80
230
185
-558
-98
-456
682
-565
417
-71
875
-734
450
954
-715
-229
-467
858
780
-642
-778
-554
-520
608
221
-318
202
-527
635
234
491
-710
-534
92
-603
-867
857
-209
502
-202
902
407
-311
-569
-747
-84
-8
-751
443
-87
110
-718
95
633
485
467
483
793
-536
351
-672
457
852
992
535
354
-600
5
124
-214
-435
644
748
-777
365
-457
-343
96
-546
-373
-361
-205
-425
936
924
-940
-279
-966
-390
-249
-593
22
228
-768
701
-210
-769
312
-664
-891
-572
856
-637
-913
681
313
698
904
-328
256
383
872
-107
-89
376
826
-836
-734
865
-744
-302
768
924
-119
695
-37
-660
694
371
-155
539
706
682
392
-916
399
-802
703
-174
-381
-275
99
39
629
-202
-221
-649
-354
1
783
801
788
-325
977
984
-683
-172
-395
469
157
-638
-328
719
-301
489
-357
435
544
996
-772
442
-109
80
-124
254
614
600
-867
467
578
448
947
936
-350
7
809
-950
393
-349
-955
621
-941
830
431
30
-291
416
-477
553
847
-701
608
-465
734
207
584
-738
-238
-217
221
-170
-922
-795
-408
15
-714
-396
-226
-686
-931
696
631
546
-715
-958
-542
397
-887
698
-857
398
-920
-125
-699
139
658
-468
-393
740
-820
-435
255
603
-238
-421
218
261
446
-962
-720
413
370
620
218
-60
-663
555
531
-936
428
754
642
-743
-794
-982
569
4
654
617
7
-654
67
818
387
-648
-946
78
455
93
-444
-129
-240
-306
-495
-222
455
903
-238
878
251
-745
947
946
-94
26
757
-31
869
-879
-833
-564
871
-843
-609
556
683
-6
-781
-18
592
469
433
-395
146
-698
-353
-888
542
512
64
843
-792
-814
814
-638
678
-564
-114
549
414
-557
-556
-253
767
455
-235
-5
-186
-623
663
901
785
133
-1
-613
-446
370
464
276
267
314
553
-722
-646
644
676
-431
-971
-253
-222
113
36
-103
-490
145
-898
-513
-878
182
161
335
227
170
-766
482
-551
156
745
270
-430
-429
-256
-539
-100
-803
114
386
-70
-903
647
-869
524
299
-113
447
-443
-343
16
17
554
581
-847
-839
655
-481
-777
-510
796
-787
190
-645
544
-930
812
961
-546
-640
256
281
156
954
-808
892
-704
-483
964
804
658
-103
-663
228
-523
-144
301
504
404
-367
297
892
-271
269
-424
251
-602
336
-242
-1000
-510
-21
-87
168
322
832
-995
-27
-942
-92
-425
-683
-988
206
22
-530
-424
101
-841
882
-914
-697
142
-185
-250
-259
-536
-590
-243
-337
453
84
945
-577
-524
-801
-689
-913
548
-536
791
-777
-108
726
928
670
-685
-529
431
49
309
714
168
-230
-586
-95
-824
546
-200
-321
114
885
87
372
-770
-701
845
-415
-377
426
92
-390
-188
755
939
-633
217
-913
-275
-768
161
-533
-579
-738
881
51
-906
32
-657
-625
-472
418
945
-732
359
-720
-366
-708
-371
-65
-443
-78
-270
458
541
-625
-363
985
-984
832
-771
-108
-813
247
-980
-764
69
479
-938
-804
-570
-178
179
-730
-348
-933
-487
537
577
-587
-861
770
191
-4
35
54
-170
392
911
663
625
-118
-18
480
-130
124
-313
-539
163
729
-157
-177
523
337
770
-964
-209
540
95
-860
-603
380
-147
368
-139
320
773
768
121
318
952
126
343
-571
454
-756
-938
-501
-355
471
292
83
-554
29
744
590
-584
-758
-386
380
793
382
573
926
-457
-262
165
592
-150
-956
348
114
859
878
357
391
122
880
-543
403
138
252
451
1000
515
-700
681
265
-265
-199
587
-453
443
36
657
476
-230
-603
337
38
-974
295
674
-365
837
-407
-858
-749
312
187
-564
-636
-212
754
-571
205
422
-140
-694
313
-405
188
-8
-389
942
575
-99
794
-403
-916
-861
409
-790
-98
-8
730
-791
275
204
534
-882
136
-596
-702
-310
370
-675
-21
-947
-459
-887
-789
802
-158
616
655
-746
459
-881
-456
204
-162
10
851
820
-971
-262
642
824
-718
-160
-523
115
-16
-506
-546
302
-992
-454
-729
977
403
924
617
370
-855
-621
26
655
-429
153
701
353
-758
-911
-95
-693
-161
743
255
561
705
-680
941
525
-803
425
835
-16
-277
-937
95
403
-930
766
-550
-428
-314
-210
37
582
331
689
-144
969